3 219
7 218
12 216
16 215
23 213
29 211
37 209
41 209
44 209
198 209
204 211
211 214
216 219
221 224
223 228
225 233
226 240
227 247
227 256
226 261
224 265
219 274
218 276
215 280
209 285
204 288
197 292
191 294
188 295
183 296
179 297
174 297
167 298
58 301
55 302
50 305
45 309
43 313
41 320
41 323
42 327
44 332
45 334
47 336
50 339
123 389
127 391
135 395
143 398
151 400
157 401
239 405
250 403
255 401
258 398
260 395
263 388
264 382
265 377
265 372
265 364
266 360
266 358
271 344
272 341
335 245
343 237
348 232
353 229
358 226
363 225
371 223
379 223
386 224
393 226
400 228
407 231
414 235
596 342